1,6,360
2,7,575
3,8,406
1,6,509
1,6,360
1,6,309
1,6,367
1,6,360
0,5,440
2,8,575
1,6,309
1,6,412
0,6,371
1,6,399
2,7,367
1,6,406
2,8,575
1,6,309
1,6,399
0,6,309
2,7,399
2,7,367
1,6,412
2,7,412
1,6,402
1,6,412
0,5,399
2,8,412
1,7,309
3,8,412
1,6,412
2,7,575
0,6,406
1,6,412
0,6,370
2,7,347
1,6,367
0,6,509
1,5,360
2,6,337
0,6,367
1,6,412
1,6,412
0,6,309
2,7,360
1,6,509
0,5,1395
1,7,412
2,7,412
1,7,337
0,6,309
3,8,412
0,6,412
2,7,371
1,6,350
1,6,337
1,6,367
1,6,371
1,6,311
2,6,575
2,7,412
1,6,360
2,7,399
0,6,412
0,6,360
1,6,360
1,6,367
1,6,402
1,6,360
0,6,360
2,7,575
2,8,371
1,6,309
1,6,350
0,6,412
1,6,309
0,6,412
1,6,412
2,7,371
1,6,412
1,6,370
0,6,406
1,6,309
2,7,440
0,6,412
1,6,309
1,6,370
2,7,412
1,6,509
1,6,317
2,8,360
1,6,575
1,6,367
1,6,360
0,5,311
1,6,575
2,8,575
1,6,412
2,7,575
1,6,371
1,6,509
1,6,412
1,6,509
1,6,406
1,6,337
1,6,309
0,6,412
1,6,412
1,6,412
2,6,575
2,7,412
1,6,402
2,7,406
2,7,309
2,7,412
0,6,402
3,8,370
1,6,412
0,6,360
2,7,412
1,6,309
0,5,509
0,5,350
2,7,309
2,7,509
3,8,412
1,6,509
1,6,406
2,7,412
1,6,412
0,6,399
2,7,412
2,7,371
2,6,412
0,7,350
2,7,412
1,6,309
2,7,350
1,6,399
2,7,412
1,6,575
1,6,509
1,6,309
0,5,412
2,6,309
1,7,360
1,6,371
0,6,412
1,6,509
1,6,402
0,5,575
1,6,309
1,6,412
0,6,309
1,6,509
0,6,370
0,6,360
2,7,309
2,7,360
1,6,309
1,6,412
1,5,412
0,5,360
1,6,406
1,6,575
0,6,509
1,6,399
2,7,575
0,5,370
1,6,367
1,6,412
1,6,412
1,5,575
1,6,337
1,7,412
1,6,406
2,7,309
0,6,360
0,6,402
2,7,575
2,7,412
2,7,360
1,6,509
2,7,575
3,8,412
1,6,412
1,6,412
0,6,412
0,6,370
1,6,371
0,5,440
0,6,412
2,7,412
1,6,399
3,8,402
1,7,575
1,6,412
0,6,309
1,6,575
1,6,360
0,6,399
2,8,575
2,7,309
0,5,509
1,5,350
0,5,309
0,6,412
2,7,575
1,6,360
2,7,371
2,6,309
2,7,575
1,6,371
1,6,360
1,6,575
2,7,370
1,7,370
1,6,412
1,6,412
1,6,309
1,6,367
1,5,309
0,5,371
0,5,575
2,7,399
0,5,412
1,6,399
1,6,575
1,6,309
2,7,412
1,6,367
0,5,575
0,6,309
1,6,371
2,7,575
2,7,350
2,7,402
1,6,509
2,7,412
1,6,399
1,7,412
