1,9,18961
6,9,18961
4,12,18707
9,12,18707
4,11,18707
9,12,18707
5,12,18707
10,13,18707
2,10,18707
7,10,18707
4,11,44113
9,12,44113
4,11,18961
9,12,18961
5,12,18707
10,13,18707
2,9,7880
7,10,7880
3,11,32408
8,11,32408
5,13,18707
10,13,18707
2,9,18707
7,10,18707
8,15,18707
13,16,18707
2,10,18707
7,10,18707
2,10,32408
7,10,32408
1,10,18707
6,9,18707
3,10,7880
8,11,7880
3,11,44113
8,11,44113
7,14,18707
12,15,18707
4,12,18707
9,12,18707
2,9,18707
7,10,18707
2,9,18961
7,10,18961
6,13,18707
11,14,18707
4,11,44113
9,12,44113
2,9,44113
7,10,44113
2,10,7880
7,10,7880
3,10,18961
8,11,18961
1,9,7880
6,9,7880
3,10,7880
8,11,7880
6,14,18707
11,14,18707
4,12,18707
9,12,18707
3,10,44113
8,11,44113
1,9,18961
6,9,18961
3,11,18961
8,11,18961
4,11,18707
9,12,18707
2,9,18707
7,10,18707
3,11,18961
8,11,18961
2,9,7880
7,10,7880
5,12,18707
10,13,18707
1,9,7880
6,9,7880
4,11,18707
9,12,18707
3,11,18707
8,11,18707
1,9,18961
6,9,18961
3,10,18707
8,11,18707
2,9,18707
7,10,18707
2,9,7880
7,10,7880
1,8,18961
6,9,18961
2,9,44113
7,10,44113
4,12,18707
9,12,18707
4,12,18707
9,12,18707
1,9,18707
6,9,18707
6,13,18707
11,14,18707
2,9,18707
7,10,18707
2,11,18707
7,10,18707
2,9,7880
7,10,7880
4,11,44113
9,12,44113
5,13,18707
10,13,18707
4,12,18707
9,12,18707
2,9,46422
7,10,46422
2,9,44113
7,10,44113
1,9,18707
6,9,18707
3,11,18707
8,11,18707
2,10,44113
7,10,44113
1,9,7880
6,9,7880
3,10,18707
8,11,18707
2,9,7880
7,10,7880
3,11,44113
8,11,44113
2,10,18707
7,10,18707
4,11,18707
9,12,18707
5,14,18707
10,13,18707
1,8,7880
6,9,7880
3,10,7880
8,11,7880
3,11,7880
8,11,7880
5,12,44113
10,13,44113
2,9,44113
7,10,44113
2,10,13191
7,10,13191
2,9,32408
7,10,32408
1,9,18707
6,9,18707
2,9,18707
7,10,18707
5,12,18707
10,13,18707
1,8,7880
6,9,7880
2,9,7880
7,10,7880
6,14,18707
11,14,18707
3,10,44113
8,11,44113
2,9,44113
7,10,44113
5,12,18961
10,13,18961
2,9,18086
7,10,18086
2,9,18086
7,10,18086
1,8,18086
6,9,18086
4,12,18707
9,12,18707
3,10,18961
8,11,18961
4,12,18707
9,12,18707
3,11,18707
8,11,18707
1,9,18961
6,9,18961
3,11,46422
8,11,46422
1,8,46422
6,9,46422
3,11,18707
8,11,18707
2,9,7880
7,10,7880
1,9,7880
6,9,7880
2,9,18961
7,10,18961
1,9,18707
6,9,18707
3,11,18707
8,11,18707
3,12,7880
8,11,7880
3,10,18707
8,11,18707
2,9,18961
7,10,18961
3,11,18707
8,11,18707
4,11,18707
9,12,18707
1,8,18961
6,9,18961
2,9,44113
7,10,44113
5,12,18707
10,13,18707
3,11,18707
8,11,18707
2,9,7880
7,10,7880
3,10,7880
8,11,7880
4,11,18961
9,12,18961
4,11,18707
9,12,18707
3,11,18086
8,11,18086
1,8,18961
6,9,18961
5,12,18707
10,13,18707
5,12,18707
10,13,18707
2,9,7880
7,10,7880
4,11,18707
9,12,18707
3,11,18707
8,11,18707
1,9,18961
6,9,18961
3,10,18961
8,11,18961
2,9,7880
7,10,7880
2,9,7880
7,10,7880
1,8,18961
6,9,18961
3,10,18707
8,11,18707
2,10,18707
7,10,18707
4,12,18707
9,12,18707
1,8,18707
6,9,18707
3,10,18707
8,11,18707
1,9,32408
6,9,32408
1,9,18086
6,9,18086
3,10,18707
8,11,18707
3,10,7880
8,11,7880
1,10,44113
6,9,44113
1,9,18086
6,9,18086
7,15,18707
12,15,18707
5,12,44113
10,13,44113
1,9,18707
6,9,18707
2,9,2651
7,10,2651
1,10,18707
6,9,18707
2,9,18961
7,10,18961
2,9,7880
7,10,7880
1,9,7880
6,9,7880
2,9,18707
7,10,18707
3,10,44113
8,11,44113
2,11,18086
7,10,18086
1,8,7880
6,9,7880
4,11,18707
9,12,18707
1,9,18707
6,9,18707
4,11,44113
9,12,44113
3,12,18707
8,11,18707
3,10,44113
8,11,44113
2,11,18707
7,10,18707
5,13,44113
10,13,44113
3,10,44113
8,11,44113
2,9,7880
7,10,7880
2,9,18086
7,10,18086
2,9,18707
7,10,18707
2,10,46422
7,10,46422
1,9,18961
6,9,18961
1,9,7880
6,9,7880
2,10,18707
7,10,18707
3,10,18707
8,11,18707
2,9,44113
7,10,44113
2,9,18707
7,10,18707
5,12,18707
10,13,18707
2,9,7880
7,10,7880
1,8,18086
6,9,18086
2,11,18707
7,10,18707
2,10,18086
7,10,18086
2,9,7880
7,10,7880
3,10,7880
8,11,7880
1,8,44113
6,9,44113
2,9,18086
7,10,18086
3,10,18707
8,11,18707
1,9,46422
6,9,46422
5,13,18707
10,13,18707
3,10,18707
8,11,18707
4,12,18707
9,12,18707
1,8,46422
6,9,46422
3,11,18707
8,11,18707
1,9,2651
6,9,2651
2,10,18707
7,10,18707
1,8,7880
6,9,7880
2,9,18707
7,10,18707
1,9,7880
6,9,7880
2,9,18086
7,10,18086
1,8,18961
6,9,18961
6,13,18707
11,14,18707
1,9,18961
6,9,18961
3,10,7880
8,11,7880
9,16,18707
14,17,18707
7,14,18707
12,15,18707
3,10,7880
8,11,7880
2,9,7880
7,10,7880
4,11,46422
9,12,46422
3,10,46422
8,11,46422
2,9,46422
7,10,46422
3,10,18707
8,11,18707
2,10,44113
7,10,44113
6,15,18707
11,14,18707
2,10,7880
7,10,7880
5,13,18707
10,13,18707
1,8,18707
6,9,18707
2,10,18707
7,10,18707
2,10,18707
7,10,18707
3,11,18707
8,11,18707
3,10,18707
8,11,18707
4,13,18707
9,12,18707
1,8,18707
6,9,18707
4,11,18707
9,12,18707
3,10,13191
8,11,13191
5,12,18707
10,13,18707
3,10,18707
8,11,18707
2,9,46422
7,10,46422
2,10,18086
7,10,18086
1,8,18707
6,9,18707
6,13,18707
11,14,18707
3,10,44113
8,11,44113
3,10,18707
8,11,18707
6,13,18961
11,14,18961
3,10,18707
8,11,18707
3,10,44113
8,11,44113
2,10,18961
7,10,18961
1,8,13191
6,9,13191
2,9,18707
7,10,18707
3,10,18961
8,11,18961
2,9,18707
7,10,18707
1,9,46422
6,9,46422
4,12,46422
9,12,46422
3,11,7880
8,11,7880
2,10,13191
7,10,13191
3,10,7880
8,11,7880
3,10,32408
8,11,32408
4,11,18707
9,12,18707
1,9,46422
6,9,46422
1,8,18707
6,9,18707
4,11,18707
9,12,18707
3,10,2651
8,11,2651
1,8,7880
6,9,7880
3,10,18707
8,11,18707
2,9,18961
7,10,18961
8,16,18707
13,16,18707
2,10,18707
7,10,18707
4,11,18707
9,12,18707
1,8,44113
6,9,44113
2,10,18707
7,10,18707
4,13,18707
9,12,18707
5,12,18707
10,13,18707
4,12,18707
9,12,18707
3,11,18961
8,11,18961
2,9,18086
7,10,18086
1,9,18707
6,9,18707
5,12,18707
10,13,18707
4,11,18961
9,12,18961
3,11,44113
8,11,44113
3,12,18707
8,11,18707
2,10,18707
7,10,18707
2,9,7880
7,10,7880
2,9,18961
7,10,18961
1,8,44113
6,9,44113
2,10,7880
7,10,7880
2,9,18961
7,10,18961
1,9,7880
6,9,7880
3,10,18707
8,11,18707
2,9,7880
7,10,7880
3,11,7880
8,11,7880
1,9,7880
6,9,7880
3,11,44113
8,11,44113
3,10,18086
8,11,18086
2,10,44113
7,10,44113
2,10,18707
7,10,18707
2,9,18707
7,10,18707
4,11,18961
9,12,18961
3,12,13191
8,11,13191
2,10,18707
7,10,18707
2,10,7880
7,10,7880
3,10,2651
8,11,2651
2,9,18086
7,10,18086
1,8,7880
6,9,7880
1,9,7880
6,9,7880
1,8,7880
6,9,7880
1,9,7880
6,9,7880
4,11,7880
9,12,7880
2,10,18707
7,10,18707
4,12,18707
9,12,18707
4,11,18707
9,12,18707
6,14,18707
11,14,18707
3,10,44113
8,11,44113
3,10,18086
8,11,18086
2,9,32408
7,10,32408
2,9,7880
7,10,7880
2,10,18086
7,10,18086
1,9,7880
6,9,7880
2,10,44113
7,10,44113
1,8,44113
6,9,44113
1,8,46422
6,9,46422
4,11,18961
9,12,18961
2,9,7880
7,10,7880
2,11,18707
7,10,18707
4,11,18707
9,12,18707
5,13,18707
10,13,18707
1,8,18707
6,9,18707
4,11,18707
9,12,18707
4,11,18707
9,12,18707
1,9,46422
6,9,46422
3,11,18707
8,11,18707
2,9,18086
7,10,18086
2,10,44113
7,10,44113
1,8,44113
6,9,44113
4,11,18707
9,12,18707
3,10,18707
8,11,18707
4,11,18707
9,12,18707
1,8,18961
6,9,18961
2,9,18086
7,10,18086
2,10,44113
7,10,44113
1,8,7880
6,9,7880
4,11,7880
9,12,7880
5,12,18961
10,13,18961
3,10,44113
8,11,44113
3,10,18086
8,11,18086
2,12,18707
7,10,18707
1,8,7880
6,9,7880
2,9,7880
7,10,7880
1,8,7880
6,9,7880
3,10,18707
8,11,18707
2,9,18961
7,10,18961
3,10,18707
8,11,18707
2,9,7880
7,10,7880
1,9,7880
6,9,7880
3,11,18707
8,11,18707
2,10,18707
7,10,18707
3,10,7880
8,11,7880
3,11,18707
8,11,18707
2,9,18707
7,10,18707
6,13,18707
11,14,18707
3,10,18707
8,11,18707
3,11,18707
8,11,18707
2,9,18961
7,10,18961
4,11,46422
9,12,46422
5,12,18707
10,13,18707
1,8,7880
6,9,7880
1,9,44113
6,9,44113
2,10,32408
7,10,32408
4,11,7880
9,12,7880
3,10,18707
8,11,18707
3,10,18086
8,11,18086
3,11,44113
8,11,44113
4,12,32408
9,12,32408
3,10,44113
8,11,44113
1,8,18086
6,9,18086
3,11,7880
8,11,7880
2,10,18961
7,10,18961
5,12,18707
10,13,18707
1,9,44113
6,9,44113
2,9,44113
7,10,44113
3,11,7880
8,11,7880
4,11,44113
9,12,44113
1,9,18707
6,9,18707
3,10,18707
8,11,18707
2,10,7880
7,10,7880
5,13,18707
10,13,18707
6,13,18707
11,14,18707
3,11,18707
8,11,18707
3,10,7880
8,11,7880
3,10,18707
8,11,18707
3,10,18707
8,11,18707
3,11,18707
8,11,18707
1,8,18707
6,9,18707
3,10,44113
8,11,44113
5,12,7880
10,13,7880
2,9,18961
7,10,18961
2,9,7880
7,10,7880
1,8,18707
6,9,18707
3,10,18707
8,11,18707
2,9,18707
7,10,18707
3,10,18961
8,11,18961
1,9,7880
6,9,7880
2,9,44113
7,10,44113
3,11,18961
8,11,18961
4,11,44113
9,12,44113
1,10,2651
6,9,2651
3,11,18707
8,11,18707
1,8,9761
6,9,9761
3,10,7880
8,11,7880
3,10,44113
8,11,44113
5,13,7880
10,13,7880
1,8,44113
6,9,44113
1,9,7880
6,9,7880
3,10,44113
8,11,44113
1,8,7880
6,9,7880
4,11,18707
9,12,18707
5,13,18707
10,13,18707
3,10,18961
8,11,18961
4,11,18707
9,12,18707
3,10,18961
8,11,18961
2,10,18707
7,10,18707
2,9,7880
7,10,7880
2,9,7880
7,10,7880
2,9,44113
7,10,44113
4,11,18707
9,12,18707
1,9,7880
6,9,7880
4,12,18707
9,12,18707
5,12,18086
10,13,18086
2,9,18961
7,10,18961
2,9,18961
7,10,18961
3,10,18707
8,11,18707
3,10,18707
8,11,18707
2,9,18707
7,10,18707
6,13,18707
11,14,18707
6,13,18707
11,14,18707
3,10,18707
8,11,18707
2,9,46422
7,10,46422
1,9,7880
6,9,7880
4,11,18707
9,12,18707
4,12,18707
9,12,18707
1,9,7880
6,9,7880
4,11,18086
9,12,18086
4,11,18707
9,12,18707
2,10,18707
7,10,18707
7,14,18707
12,15,18707
3,10,44113
8,11,44113
3,11,18707
8,11,18707
5,12,18086
10,13,18086
3,10,32408
8,11,32408
3,12,18707
8,11,18707
4,11,18707
9,12,18707
1,8,46422
6,9,46422
2,11,18961
7,10,18961
2,9,18086
7,10,18086
2,9,18086
7,10,18086
2,9,44113
7,10,44113
5,12,18707
10,13,18707
2,9,7880
7,10,7880
2,9,7880
7,10,7880
4,11,18707
9,12,18707
1,8,18707
6,9,18707
2,9,18961
7,10,18961
5,13,18707
10,13,18707
2,9,44113
7,10,44113
4,11,18961
9,12,18961
3,10,18961
8,11,18961
2,10,18707
7,10,18707
1,9,46422
6,9,46422
1,8,7880
6,9,7880
3,10,7880
8,11,7880
1,10,46422
6,9,46422
2,10,18961
7,10,18961
5,13,18707
10,13,18707
4,11,7880
9,12,7880
1,8,18086
6,9,18086
4,11,18707
9,12,18707
2,9,18707
7,10,18707
1,8,7880
6,9,7880
1,8,44113
6,9,44113
2,10,18961
7,10,18961
4,11,18961
9,12,18961
4,12,18707
9,12,18707
1,9,7880
6,9,7880
3,10,32408
8,11,32408
2,9,44113
7,10,44113
6,13,44113
11,14,44113
4,11,26318
9,12,26318
2,10,7880
7,10,7880
1,9,18707
6,9,18707
3,10,44113
8,11,44113
1,8,7880
6,9,7880
2,9,7880
7,10,7880
3,10,18707
8,11,18707
2,9,18086
7,10,18086
2,10,18961
7,10,18961
2,10,18086
7,10,18086
2,10,46422
7,10,46422
1,8,18707
6,9,18707
2,10,18707
7,10,18707
2,9,46422
7,10,46422
4,12,18707
9,12,18707
2,9,44113
7,10,44113
3,10,32408
8,11,32408
1,9,7880
6,9,7880
2,9,44113
7,10,44113
3,10,7880
8,11,7880
3,10,46422
8,11,46422
3,10,18707
8,11,18707
3,10,7880
8,11,7880
2,10,18707
7,10,18707
3,11,18707
8,11,18707
4,11,18707
9,12,18707
1,9,7880
6,9,7880
5,13,18086
10,13,18086
3,11,18707
8,11,18707
9,16,18707
14,17,18707
3,10,13191
8,11,13191
4,11,18707
9,12,18707
2,9,7880
7,10,7880
4,11,18707
9,12,18707
1,9,18707
6,9,18707
1,8,18961
6,9,18961
2,9,18707
7,10,18707
5,13,18707
10,13,18707
4,11,18707
9,12,18707
2,10,46422
7,10,46422
2,9,32408
7,10,32408
2,10,7880
7,10,7880
5,14,18707
10,13,18707
4,11,18707
9,12,18707
6,13,18707
11,14,18707
5,12,18707
10,13,18707
2,10,18707
7,10,18707
3,10,18707
8,11,18707
1,8,18707
6,9,18707
6,13,18707
11,14,18707
3,10,44113
8,11,44113
2,9,4860
7,10,4860
2,9,7880
7,10,7880
3,10,18707
8,11,18707
5,13,18707
10,13,18707
2,9,4860
7,10,4860
3,10,44113
8,11,44113
1,8,18086
6,9,18086
2,9,18961
7,10,18961
2,9,44113
7,10,44113
3,10,18961
8,11,18961
2,9,18707
7,10,18707
1,9,18707
6,9,18707
3,12,7880
8,11,7880
3,10,18961
8,11,18961
3,10,18086
8,11,18086
4,13,44113
9,12,44113
2,10,7880
7,10,7880
1,9,18086
6,9,18086
2,9,18961
7,10,18961
2,10,18961
7,10,18961
2,10,18707
7,10,18707
3,10,18707
8,11,18707
3,10,18707
8,11,18707
1,8,7880
6,9,7880
3,11,18707
8,11,18707
2,9,32408
7,10,32408
3,10,44113
8,11,44113
3,11,18961
8,11,18961
3,10,44113
8,11,44113
1,8,18707
6,9,18707
2,9,44113
7,10,44113
5,12,18707
10,13,18707
3,10,32408
8,11,32408
2,9,18961
7,10,18961
2,9,7880
7,10,7880
3,10,32408
8,11,32408
1,9,46422
6,9,46422
3,11,18707
8,11,18707
2,10,7880
7,10,7880
5,12,18707
10,13,18707
4,11,18707
9,12,18707
3,11,18707
8,11,18707
2,9,18961
7,10,18961
3,10,7880
8,11,7880
1,9,7880
6,9,7880
1,8,44113
6,9,44113
5,14,18707
10,13,18707
3,10,7880
8,11,7880
1,8,7880
6,9,7880
7,14,18707
12,15,18707
2,10,18961
7,10,18961
1,9,13191
6,9,13191
6,14,18707
11,14,18707
1,8,46422
6,9,46422
4,11,9761
9,12,9761
3,10,18086
8,11,18086
2,9,7880
7,10,7880
3,10,18707
8,11,18707
3,10,7880
8,11,7880
1,8,18086
6,9,18086
3,10,13191
8,11,13191
1,8,18707
6,9,18707
4,11,18707
9,12,18707
3,11,18961
8,11,18961
3,11,18707
8,11,18707
2,9,7880
7,10,7880
1,8,18707
6,9,18707
3,11,18707
8,11,18707
3,11,18707
8,11,18707
4,11,18707
9,12,18707
1,8,7880
6,9,7880
1,9,7880
6,9,7880
2,9,18961
7,10,18961
4,11,18707
9,12,18707
4,11,7880
9,12,7880
3,11,18707
8,11,18707
3,10,18086
8,11,18086
3,10,46422
8,11,46422
2,9,18707
7,10,18707
4,12,18707
9,12,18707
1,9,7880
6,9,7880
3,10,18707
8,11,18707
2,9,18707
7,10,18707
2,9,18707
7,10,18707
4,11,18086
9,12,18086
3,10,7880
8,11,7880
3,10,18086
8,11,18086
4,12,44113
9,12,44113
4,11,7880
9,12,7880
4,11,18707
9,12,18707
3,10,18961
8,11,18961
4,12,18707
9,12,18707
4,12,18707
9,12,18707
4,12,18707
9,12,18707
7,14,18707
12,15,18707
2,10,18707
7,10,18707
2,9,18707
7,10,18707
5,12,44113
10,13,44113
4,12,18707
9,12,18707
5,12,18707
10,13,18707
3,11,44113
8,11,44113
3,10,7880
8,11,7880
4,12,18707
9,12,18707
1,8,18707
6,9,18707
3,11,18707
8,11,18707
3,10,18961
8,11,18961
4,11,18707
9,12,18707
3,11,18707
8,11,18707
3,10,18707
8,11,18707
1,8,44113
6,9,44113
2,10,18086
7,10,18086
3,10,18707
8,11,18707
2,9,44113
7,10,44113
2,9,7880
7,10,7880
1,8,46422
6,9,46422
2,11,18707
7,10,18707
3,10,18961
8,11,18961
1,8,7880
6,9,7880
3,11,18086
8,11,18086
4,11,18707
9,12,18707
1,10,18707
6,9,18707
1,9,18961
6,9,18961
4,11,18961
9,12,18961
4,11,44113
9,12,44113
3,10,46422
8,11,46422
1,8,44113
6,9,44113
5,13,18707
10,13,18707
2,10,18961
7,10,18961
3,12,18707
8,11,18707
4,11,44113
9,12,44113
3,10,7880
8,11,7880
4,11,18707
9,12,18707
3,10,18707
8,11,18707
3,11,18707
8,11,18707
2,9,18086
7,10,18086
3,10,44113
8,11,44113
2,10,18086
7,10,18086
2,9,7880
7,10,7880
3,10,18707
8,11,18707
2,10,44113
7,10,44113
4,11,18707
9,12,18707
3,10,18707
8,11,18707
2,10,7880
7,10,7880
1,9,18707
6,9,18707
3,10,18961
8,11,18961
2,10,18086
7,10,18086
1,8,18707
6,9,18707
1,8,46422
6,9,46422
3,10,18961
8,11,18961
2,9,44113
7,10,44113
2,9,18961
7,10,18961
1,9,18961
6,9,18961
6,14,18707
11,14,18707
3,12,18707
8,11,18707
2,10,18707
7,10,18707
1,10,44113
6,9,44113
2,10,7880
7,10,7880
3,11,44113
8,11,44113
3,10,7880
8,11,7880
2,9,18707
7,10,18707
1,9,18961
6,9,18961
3,10,18707
8,11,18707
4,11,18707
9,12,18707
2,9,7880
7,10,7880
2,10,18707
7,10,18707
2,9,18707
7,10,18707
3,11,18707
8,11,18707
1,9,18707
6,9,18707
3,10,18707
8,11,18707
6,13,18707
11,14,18707
5,12,13191
10,13,13191
2,10,18707
7,10,18707
2,9,7880
7,10,7880
3,10,18086
8,11,18086
2,9,44113
7,10,44113
5,12,18707
10,13,18707
1,8,44113
6,9,44113
6,13,7880
11,14,7880
2,9,18707
7,10,18707
1,9,7880
6,9,7880
1,9,18707
6,9,18707
1,8,18707
6,9,18707
5,12,18707
10,13,18707
2,10,46422
7,10,46422
1,9,18086
6,9,18086
5,12,18707
10,13,18707
1,8,18086
6,9,18086
3,10,46422
8,11,46422
4,11,18707
9,12,18707
3,12,18707
8,11,18707
3,12,44113
8,11,44113
2,10,18707
7,10,18707
1,8,18707
6,9,18707
4,11,44113
9,12,44113
3,10,44113
8,11,44113
1,8,18707
6,9,18707
3,11,18707
8,11,18707
3,10,18707
8,11,18707
3,10,46422
8,11,46422
3,10,18086
8,11,18086
3,11,18707
8,11,18707
3,10,46422
8,11,46422
4,11,44113
9,12,44113
6,13,18707
11,14,18707
3,11,18707
8,11,18707
4,11,7880
9,12,7880
5,12,18961
10,13,18961
1,9,18961
6,9,18961
2,9,18707
7,10,18707
1,9,7880
6,9,7880
3,10,7880
8,11,7880
1,9,18086
6,9,18086
2,9,44113
7,10,44113
7,15,18707
12,15,18707
2,9,18707
7,10,18707
2,9,2651
7,10,2651
4,11,18961
9,12,18961
5,13,44113
10,13,44113
2,9,18707
7,10,18707
2,9,2651
7,10,2651
2,9,7880
7,10,7880
2,9,18707
7,10,18707
1,8,7880
6,9,7880
2,9,7880
7,10,7880
3,11,18086
8,11,18086
4,13,18707
9,12,18707
3,10,18707
8,11,18707
1,9,18086
6,9,18086
2,9,7880
7,10,7880
3,11,44113
8,11,44113
2,9,7880
7,10,7880
6,13,18707
11,14,18707
2,9,7880
7,10,7880
2,9,18707
7,10,18707
4,11,18707
9,12,18707
5,12,18707
10,13,18707
3,11,18707
8,11,18707
1,9,7880
6,9,7880
2,10,18707
7,10,18707
3,10,7880
8,11,7880
2,9,18707
7,10,18707
3,10,18707
8,11,18707
3,10,7880
8,11,7880
3,10,18707
8,11,18707
1,9,7880
6,9,7880
2,10,18961
7,10,18961
5,13,18707
10,13,18707
5,12,18707
10,13,18707
5,12,18707
10,13,18707
1,8,7880
6,9,7880
2,9,18961
7,10,18961
1,9,18961
6,9,18961
3,11,18707
8,11,18707
1,9,7880
6,9,7880
3,11,18707
8,11,18707
1,9,44113
6,9,44113
2,10,18961
7,10,18961
2,10,7880
7,10,7880
2,9,7880
7,10,7880
3,10,7880
8,11,7880
3,10,13191
8,11,13191
3,10,7880
8,11,7880
1,9,18086
6,9,18086
4,11,7880
9,12,7880
2,9,18707
7,10,18707
2,9,18961
7,10,18961
4,11,18961
9,12,18961
5,12,18707
10,13,18707
2,10,18707
7,10,18707
2,10,18086
7,10,18086
1,8,18086
6,9,18086
2,11,18707
7,10,18707
4,11,13191
9,12,13191
2,9,7880
7,10,7880
2,10,18707
7,10,18707
3,10,18707
8,11,18707
1,8,7880
6,9,7880
3,10,7880
8,11,7880
2,10,18707
7,10,18707
2,9,7880
7,10,7880
1,8,7880
6,9,7880
3,10,18707
8,11,18707
4,11,18707
9,12,18707
3,10,44113
8,11,44113
2,9,7880
7,10,7880
2,9,7880
7,10,7880
2,9,18707
7,10,18707
5,12,18707
10,13,18707
2,9,7880
7,10,7880
6,13,18707
11,14,18707
1,8,18961
6,9,18961
2,9,18707
7,10,18707
1,9,18086
6,9,18086
2,9,7880
7,10,7880
1,8,7880
6,9,7880
5,12,18707
10,13,18707
3,12,18707
8,11,18707
1,9,7880
6,9,7880
2,9,46422
7,10,46422
1,8,18707
6,9,18707
2,9,44113
7,10,44113
2,9,7880
7,10,7880
1,8,44113
6,9,44113
1,8,9761
6,9,9761
2,9,7880
7,10,7880
2,9,18707
7,10,18707
2,9,44113
7,10,44113
1,9,18707
6,9,18707
4,11,18707
9,12,18707
3,10,18707
8,11,18707
1,8,7880
6,9,7880
1,10,18707
6,9,18707
3,10,18086
8,11,18086
4,11,18086
9,12,18086
4,12,18707
9,12,18707
2,9,7880
7,10,7880
2,9,7880
7,10,7880
2,10,32408
7,10,32408
2,10,5699
7,10,5699
2,10,18707
7,10,18707
2,9,18707
7,10,18707
5,12,18707
10,13,18707
4,11,44113
9,12,44113
3,11,18707
8,11,18707
3,11,18707
8,11,18707
4,11,18707
9,12,18707
7,14,18707
12,15,18707
1,8,18707
6,9,18707
3,10,7880
8,11,7880
1,9,7880
6,9,7880
2,10,44113
7,10,44113
1,8,18707
6,9,18707
4,11,44113
9,12,44113
2,9,18707
7,10,18707
4,11,18707
9,12,18707
1,8,7880
6,9,7880
8,15,18707
13,16,18707
1,8,7880
6,9,7880
3,10,46422
8,11,46422
4,12,18707
9,12,18707
5,12,18707
10,13,18707
1,8,44113
6,9,44113
6,13,18707
11,14,18707
1,8,32408
6,9,32408
3,10,18707
8,11,18707
5,12,44113
10,13,44113
3,12,32408
8,11,32408
3,11,18707
8,11,18707
2,9,7880
7,10,7880
4,11,18707
9,12,18707
3,11,32408
8,11,32408
3,10,32408
8,11,32408
2,9,7880
7,10,7880
2,10,26318
7,10,26318
8,15,18707
13,16,18707
3,11,32408
8,11,32408
2,11,44113
7,10,44113
6,13,18707
11,14,18707
1,9,18086
6,9,18086
3,10,44113
8,11,44113
3,10,7880
8,11,7880
2,9,46422
7,10,46422
3,10,18086
8,11,18086
2,9,18086
7,10,18086
1,9,18707
6,9,18707
3,10,18707
8,11,18707
3,10,18961
8,11,18961
2,9,7880
7,10,7880
5,12,18707
10,13,18707
9,16,18707
14,17,18707
2,10,18086
7,10,18086
2,9,18961
7,10,18961
1,9,18961
6,9,18961
1,8,7880
6,9,7880
2,9,18961
7,10,18961
2,9,13191
7,10,13191
1,8,7880
6,9,7880
2,9,44113
7,10,44113
3,11,18707
8,11,18707
2,10,18961
7,10,18961
3,10,7880
8,11,7880
1,8,7880
6,9,7880
1,8,18707
6,9,18707
4,13,18707
9,12,18707
8,15,18707
13,16,18707
1,8,18086
6,9,18086
2,9,18707
7,10,18707
2,9,18086
7,10,18086
1,8,26318
6,9,26318
2,9,7880
7,10,7880
2,9,18707
7,10,18707
4,11,18707
9,12,18707
3,10,32408
8,11,32408
5,12,46422
10,13,46422
1,9,44113
6,9,44113
4,11,44113
9,12,44113
1,8,18707
6,9,18707
4,11,18707
9,12,18707
2,9,13191
7,10,13191
1,9,18961
6,9,18961
4,11,7880
9,12,7880
2,9,18961
7,10,18961
4,12,18707
9,12,18707
2,9,18707
7,10,18707
1,9,44113
6,9,44113
1,10,7880
6,9,7880
2,9,18707
7,10,18707
2,10,18086
7,10,18086
1,9,46422
6,9,46422
4,11,18707
9,12,18707
4,11,18086
9,12,18086
1,8,18707
6,9,18707
5,12,7880
10,13,7880
2,9,18707
7,10,18707
3,11,18961
8,11,18961
3,10,18086
8,11,18086
2,10,13191
7,10,13191
4,11,7880
9,12,7880
1,9,7880
6,9,7880
2,10,7372
7,10,7372
2,10,7880
7,10,7880
3,10,44113
8,11,44113
3,11,44113
8,11,44113
3,10,18086
8,11,18086
3,10,18707
8,11,18707
1,8,7880
6,9,7880
2,9,18707
7,10,18707
3,10,7880
8,11,7880
3,10,46422
8,11,46422
1,8,7880
6,9,7880
4,11,18707
9,12,18707
3,11,18707
8,11,18707
4,12,18707
9,12,18707
3,10,18707
8,11,18707
1,9,46422
6,9,46422
5,12,18086
10,13,18086
