4,10,11783
2,8,9283
3,9,11783
1,7,9283
3,8,12217
5,10,12217
1,6,11783
8,13,12217
5,10,9283
2,8,9669
2,7,9283
2,7,9669
2,7,4346
2,8,11783
1,6,4346
2,8,9283
3,8,11783
1,6,9283
3,9,12217
1,7,11783
2,8,9669
9,14,9669
4,10,12217
1,7,9283
5,10,9669
2,8,9283
2,7,11783
2,7,4346
1,6,11783
1,6,9669
2,8,11783
3,9,11783
1,6,9283
1,7,4346
2,8,4346
2,7,9283
3,9,9669
3,9,11783
2,7,12217
3,9,4346
3,8,9669
4,9,11783
3,10,12217
1,6,9669
1,6,9669
2,8,4346
2,8,12217
2,8,4346
1,7,12217
2,7,9283
3,8,4346
6,12,9669
1,6,9283
11,17,12217
3,9,12217
4,9,9283
5,10,9283
8,13,11783
3,8,9283
1,7,4346
2,7,9283
1,6,9669
4,9,4346
1,6,9669
1,6,9669
2,7,4346
3,8,11783
4,10,11783
1,6,12217
1,6,9283
1,7,9283
1,6,4346
5,10,11783
1,7,4346
3,8,12217
1,6,11783
2,7,9283
1,7,9669
4,9,11783
3,9,11783
2,7,12217
2,8,4346
1,6,4346
2,7,12217
1,7,9669
3,8,9283
2,7,4346
4,10,12217
3,9,9283
1,7,4346
2,8,11783
5,10,9669
3,10,9283
2,8,11783
3,9,9669
4,10,11783
1,6,12217
3,8,12217
2,7,9669
8,13,12217
4,9,11783
1,7,9283
2,7,4346
2,7,11783
1,6,11783
1,7,11783
2,8,9283
1,7,9669
4,11,11783
2,8,4346
4,9,12217
4,9,9283
5,11,11783
3,9,11783
4,9,9669
2,7,9669
2,7,4346
2,7,11783
1,6,4346
1,7,12217
1,6,4346
6,12,9669
1,6,9669
3,9,11783
2,9,11783
7,13,11783
2,8,11783
1,6,9669
1,6,9283
7,13,12217
1,6,4346
5,10,11783
4,9,12217
1,7,11783
2,7,9283
11,16,9669
2,7,4346
4,10,12217
2,7,11783
3,8,11783
2,7,4346
2,7,9283
1,6,9283
3,8,4346
3,9,11783
2,9,12217
2,8,9283
2,7,9283
2,8,9283
5,11,11783
6,11,9669
2,7,9669
3,8,11783
2,7,9283
4,9,11783
1,6,9669
1,7,4346
2,8,4346
2,7,4346
2,9,12217
2,7,9283
1,7,9283
3,8,4346
3,8,9283
1,6,9669
2,7,9669
5,10,11783
3,8,12217
1,6,4346
2,7,4346
4,9,4346
4,10,4346
6,11,11783
1,6,9669
1,6,9283
3,9,9283
2,8,4346
2,7,4346
4,10,11783
2,7,12217
1,7,9283
1,6,9283
1,6,9669
1,7,4346
2,7,4346
3,9,9283
4,9,12217
1,6,4346
7,12,9669
1,7,9283
1,6,9669
1,7,12217
2,7,12217
2,7,9669
1,6,9669
1,7,9669
3,8,4346
1,6,4346
1,6,9669
2,7,12217
4,9,12217
5,10,11783
4,9,12217
1,7,4346
5,10,11783
3,8,4346
3,8,4346
2,7,9283
2,7,9283
1,6,11783
6,11,12217
1,6,9669
2,7,4346
2,8,9283
2,7,9283
3,8,11783
2,8,12217
2,7,4346
1,6,11783
2,7,4346
2,8,12217
4,9,11783
6,11,11783
2,8,11783
5,10,9669
4,9,11783
1,6,9669
4,9,12217
2,8,11783
4,10,12217
2,7,11783
4,10,11783
2,7,12217
3,8,11783
2,8,9669
4,10,9283
1,6,4346
2,8,9669
1,8,12217
7,12,11783
1,6,9669
3,9,12217
1,6,9669
4,10,11783
6,11,11783
3,8,12217
3,8,11783
1,7,9669
1,8,9669
2,9,9283
3,8,9669
3,8,4346
3,8,9283
1,6,11783
3,9,11783
7,12,11783
3,9,9283
1,7,4346
3,8,4346
5,10,12217
2,8,9669
1,6,4346
1,6,11783
2,8,9669
1,8,12217
5,11,11783
3,8,12217
3,8,11783
4,9,11783
2,7,4346
4,9,4346
1,6,9669
1,6,4346
1,7,4346
2,8,12217
2,7,4346
2,7,9669
1,7,4346
1,6,4346
2,7,9283
2,7,9283
4,9,4346
3,9,11783
3,8,9283
3,9,11783
2,7,4346
1,6,11783
8,14,11783
1,6,9283
1,7,11783
1,7,11783
1,7,11783
3,9,12217
1,6,9669
2,7,9283
5,11,11783
3,8,4346
1,6,9669
1,7,9283
5,10,12217
3,8,12217
3,8,11783
1,6,9669
2,8,4346
1,7,4346
2,7,9283
1,6,9669
3,8,11783
1,7,9283
1,6,9669
3,8,12217
1,6,4346
1,7,9669
5,10,9283
2,8,12217
2,7,4346
1,8,4346
3,9,11783
